########################################################
TYPE: MAP
LANG: 1
BIT_MODE: 16
DATA:
__align(4) const CUSTOM_STRING_MAP_16 StrMap_1[] = {
	1,
	7,
	16,
	23,
	32,
	41,
	51,
	55,
	63,
	72,
	78,
	89,
	98,
	120,
	136,
	147,
	162,
	172,
	177,
	187,
	192,
	199,
	210,
	216,
	222,
	230,
	238,
	249,
	257,
	266,
	271,
	279,
	303,
	333,
	340,
	353,
	367,
	392,
	397,
	408,
	416,
	423,
	434,
	442,
	451,
	459,
	464,
	478,
	486,
	497,
	511,
	516,
	525,
	535,
	547,
	554,
	572,
	590,
	603,
	614,
	621,
	641,
	662,
	667,
	684,
	690,
	696,
	704,
	710,
	715,
	722,
	737,
	752,
	757,
	777,
	792,
	801,
	809,
	37795,
	815,
	820,
	37800,
	825,
	831,
	845,
	858,
	883,
	891,
	911,
	919,
	952,
	974,
	998,
	1015,
	1030,
	1044,
	1059,
	1075,
	1094,
	1106,
	1111,
	1119,
	1125,
	1132,
	1136,
	1143,
	1148,
	1157,
	1165,
	1172,
	1184,
	1196,
	1210,
	1218,
	1231,
	1235,
	1240,
	1245,
	1252,
	1271,
	1276,
	1293,
	1296,
	1311,
	1316,
	1323,
	1337,
	1369,
	1387,
	1401,
	1405,
	1408,
	1411,
	1416,
	1424,
	1431,
	1456,
	1465,
	1471,
	1477,
	1485,
	1490,
	1516,
	1528,
	1546,
	1552,
	1560,
	1566,
	1575,
	1581,
	1586,
	1591,
	1600,
	1615,
	1625,
	1636,
	1644,
	1651,
	1659,
	1666,
	1674,
	1680,
	1687,
	1693,
	1700,
	1709,
	1714,
	1720,
	1738,
	1744,
	1751,
	1758,
	1768,
	1775,
	1780,
	1793,
	1817,
	1835,
	1843,
	1848,
	1857,
	1864,
	1868,
	1874,
	1880,
	1885,
	1893,
	1899,
	1904,
	1912,
	1920,
	1925,
	1938,
	1943,
	1970,
	1986,
	1997,
	2004,
	2015,
	2034,
	2038,
	2045,
	2049,
	2066,
	2075,
	2089,
	2102,
	2108,
	2113,
	2120,
	37805,
	37809,
	2130,
	2134,
	2160,
	2192,
	2212,
	2233,
	2273,
	2304,
	2323,
	2344,
	2379,
	2389,
	2396,
	2403,
	2411,
	2421,
	2430,
	2437,
	2446,
	2450,
	2454,
	2458,
	2462,
	2466,
	2470,
	2474,
	2478,
	2482,
	2486,
	2490,
	2494,
	2498,
	2502,
	2506,
	2510,
	2514,
	2518,
	2522,
	2533,
	2539,
	2545,
	2553,
	2565,
	2572,
	1293,
	2130,
	2579,
	192,
	2603,
	1405,
	2622,
	1405,
	172,
	192,
	2656,
	2670,
	1369,
	2681,
	1369,
	2713,
	2721,
	2450,
	2454,
	2458,
	2462,
	2466,
	2470,
	2446,
	2474,
	2478,
	2482,
	2486,
	2490,
	2494,
	2498,
	2502,
	2506,
	2510,
	2514,
	2518,
	2741,
	2767,
	2803,
	2836,
	2867,
	2900,
	2934,
	2962,
	2990,
	3022,
	3059,
	3095,
	3131,
	3162,
	3201,
	37814,
	1405,
	2130,
	1293,
	3223,
	192,
	3246,
	3271,
	511,
	1044,
	3294,
	1416,
	998,
	1516,
	3300,
	3317,
	3337,
	3350,
	3350,
	3350,
	3350,
	952,
	3366,
	3373,
	3423,
	1687,
	3459,
	37816,
	3466,
	3527,
	1369,
	3581,
	535,
	3591,
	3602,
	3620,
	3633,
	3651,
	3672,
	3683,
	3698,
	516,
	3713,
	3725,
	3744,
	3744,
	3725,
	3744,
	3725,
	3763,
	3772,
	3781,
	3790,
	3799,
	3808,
	3861,
	3928,
	3986,
	3995,
	4004,
	4013,
	4022,
	37822,
	4031,
	4054,
	4119,
	4128,
	4174,
	4212,
	4224,
	4238,
	4244,
	4249,
	4274,
	4294,
	4313,
	4330,
	4345,
	4363,
	4382,
	4402,
	4422,
	4434,
	4441,
	4457,
	4461,
	4469,
	4477,
	4488,
	4502,
	4524,
	4545,
	4578,
	4583,
	4598,
	4613,
	4630,
	4668,
	4692,
	4705,
	4720,
	4738,
	4756,
	4789,
	4817,
	4837,
	4870,
	4889,
	4907,
	4930,
	4947,
	4953,
	4959,
	4965,
	4971,
	4977,
	4983,
	4989,
	4995,
	5001,
	5007,
	5017,
	5028,
	5042,
	5060,
	5078,
	5097,
	5110,
	5130,
	5149,
	5156,
	5169,
	5184,
	5196,
	5207,
	5220,
	5231,
	5245,
	5264,
	5278,
	5288,
	5305,
	5327,
	5406,
	5430,
	5449,
	5462,
	5481,
	5486,
	2572,
	5497,
	5514,
	5526,
	5540,
	5554,
	5566,
	5578,
	5591,
	5604,
	5618,
	5633,
	5648,
	5664,
	5677,
	5697,
	5713,
	5730,
	5741,
	5758,
	5787,
	5801,
	5815,
	5826,
	5841,
	5856,
	5872,
	5887,
	5903,
	5931,
	5940,
	5951,
	5958,
	5967,
	5975,
	5985,
	5998,
	6016,
	6033,
	6043,
	6055,
	6072,
	6087,
	6107,
	6123,
	6137,
	6152,
	6168,
	6196,
	6204,
	6219,
	6236,
	6255,
	5007,
	6276,
	6289,
	6302,
	6322,
	6337,
	6349,
	6355,
	6373,
	6387,
	6392,
	6399,
	6409,
	6424,
	6439,
	6458,
	6489,
	6527,
	6557,
	6594,
	6614,
	6634,
	6663,
	6677,
	6682,
	6691,
	6721,
	6750,
	6779,
	6809,
	6833,
	6856,
	6871,
	6885,
	6893,
	6907,
	6918,
	6937,
	6950,
	6964,
	6980,
	6986,
	6989,
	7015,
	7022,
	7037,
	7053,
	7062,
	7073,
	7101,
	7117,
	7129,
	7142,
	7146,
	7155,
	7168,
	7187,
	2379,
	7210,
	7232,
	7247,
	7274,
	7298,
	7307,
	7340,
	7371,
	7401,
	7426,
	7450,
	7473,
	7500,
	7528,
	7558,
	7588,
	7615,
	7642,
	7679,
	7736,
	7763,
	7803,
	7821,
	7844,
	7867,
	7896,
	7922,
	7944,
	7971,
	8002,
	8019,
	8048,
	8069,
	8082,
	8093,
	8116,
	8138,
	8151,
	8175,
	8185,
	8199,
	8214,
	8231,
	8254,
	8276,
	8307,
	8337,
	8363,
	8368,
	8374,
	8410,
	8433,
	8448,
	8459,
	8471,
	8486,
	8495,
	8497,
	8499,
	8517,
	8534,
	8554,
	8567,
	8600,
	8610,
	8623,
	8638,
	8648,
	8661,
	8678,
	8689,
	8706,
	8729,
	8753,
	8775,
	8786,
	8805,
	8817,
	8831,
	8854,
	8410,
	8870,
	8881,
	8893,
	8906,
	8917,
	8929,
	8945,
	8952,
	8959,
	8971,
	8990,
	9007,
	9028,
	9049,
	9062,
	9072,
	9087,
	9103,
	9121,
	9153,
	9174,
	9198,
	9228,
	9252,
	37832,
	9293,
	9323,
	37837,
	37841,
	37845,
	37849,
	9353,
	9355,
	9357,
	9359,
	9357,
	9361,
	9353,
	1408,
	9363,
	9375,
	9388,
	9409,
	9420,
	9433,
	9452,
	9465,
	9473,
	9485,
	9500,
	9526,
	9546,
	9558,
	9576,
	9592,
	9614,
	9626,
	9647,
	9677,
	9692,
	9706,
	9719,
	9727,
	9735,
	9744,
	37853,
	9754,
	37832,
	9761,
	37874,
	9765,
	9775,
	9786,
	9794,
	9824,
	9832,
	9841,
	37878,
	9853,
	9862,
	9871,
	9896,
	9919,
	9946,
	9969,
	459,
	9996,
	10005,
	10016,
	9761,
	37883,
	37895,
	37906,
	37919,
	37932,
	10026,
	10030,
	10037,
	10046,
	10073,
	10083,
	10092,
	10112,
	10127,
	10135,
	10144,
	10152,
	10156,
	10167,
	10174,
	10186,
	4578,
	10191,
	10198,
	10213,
	10224,
	10237,
	10254,
	10273,
	10291,
	10314,
	10335,
	10356,
	10372,
	10392,
	10412,
	10427,
	10437,
	10450,
	10468,
	10487,
	10500,
	10504,
	10510,
	10515,
	37945,
	10521,
	37951,
	10550,
	10566,
	10580,
	10596,
	10606,
	10620,
	10634,
	10648,
	10658,
	10675,
	10691,
	777,
	10703,
	10744,
	10759,
	10771,
	10798,
	10819,
	10876,
	10896,
	10917,
	10917,
	10930,
	10940,
	10951,
	10962,
	10973,
	10990,
	11003,
	11017,
	11030,
	11041,
	10596,
	11056,
	11072,
	11091,
	11110,
	11138,
	2721,
	11153,
	11187,
	11209,
	11225,
	11243,
	11261,
	0,
	11275,
	11281,
	11293,
	11299,
	11305,
	11314,
	11318,
	11332,
	3350,
	11346,
	11353,
	11360,
	11507,
	11519,
	11530,
	8600,
	11543,
	8638,
	11565,
	11574,
	11583,
	11595,
	11619,
	11641,
	11663,
	11675,
	11695,
	11717,
	11736,
	11751,
	11765,
	11779,
	11800,
	11818,
	11836,
	11858,
	11862,
	11865,
	11888,
	11903,
	11917,
	11928,
	11940,
	11956,
	11992,
	12029,
	12034,
	12040,
	12053,
	12061,
	12068,
	12098,
	12130,
	12148,
	12169,
	12178,
	12192,
	12242,
	12293,
	12303,
	12315,
	12326,
	12337,
	12354,
	12366,
	12383,
	12402,
	11583,
	12417,
	12428,
	12441,
	12451,
	37956,
	37980,
	38011,
	38037,
	38070,
	38090,
	38112,
	12470,
	12061,
	12475,
	12484,
	12496,
	12513,
	12532,
	12565,
	12573,
	12595,
	12623,
	12644,
	12664,
	12690,
	12712,
	12728,
	12736,
	12760,
	12786,
	12822,
	12851,
	12875,
	38134,
	38142,
	38154,
	38159,
	38164,
	12892,
	12909,
	12930,
	12945,
	12957,
	12977,
	12993,
	13008,
	37837,
	37841,
	37845,
	13027,
	13035,
	13049,
	13061,
	13075,
	13086,
	38464,
	831,
	13103,
	13114,
	13121,
	13131,
	13141,
	13158,
	13169,
	13179,
	13190,
	13200,
	13210,
	13222,
	13227,
	38169,
	38177,
	38186,
	38194,
	13235,
	13245,
	13254,
	13270,
	13286,
	13298,
	1904,
	13303,
	13313,
	1471,
	38368,
	1172,
	13317,
	13346,
	13366,
	13383,
	13422,
	13471,
	2545,
	13496,
	13513,
	13549,
	13574,
	13621,
	13670,
	13703,
	13741,
	13761,
	13810,
	13838,
	13865,
	13907,
	13927,
	13944,
	13993,
	14031,
	14039,
	14047,
	14054,
	14070,
	14084,
	14090,
	2572,
	14100,
	14106,
	14112,
	535,
	14119,
	14127,
	14134,
	38670,
	14142,
	14047,
	14158,
	14186,
	14227,
	14269,
	14279,
	14291,
	14304,
	14312,
	14319,
	14327,
	14334,
	1709,
	14340,
	14349,
	14358,
	459,
	210,
	1416,
	172,
	1405,
	14366,
	14382,
	2130,
	1293,
	51,
	1768,
	710,
	1751,
	14395,
	14415,
	14428,
	14436,
	14453,
	14463,
	11583,
	14472,
	14479,
	14493,
	14510,
	14532,
	14547,
	14552,
	14563,
	14579,
	14601,
	14626,
	14645,
	1231,
	1709,
	14649,
	192,
	14668,
	14680,
	14687,
	14697,
	14709,
	684,
	14713,
	14721,
	14742,
	14747,
	14752,
	14752,
	14759,
	14783,
	14798,
	831,
	14812,
	14826,
	14837,
	14843,
	14848,
	14853,
	14859,
	2446,
	2450,
	2454,
	2458,
	2462,
	2466,
	2470,
	14864,
	14864,
	14878,
	14915,
	14947,
	14975,
	15045,
	15081,
	15107,
	15140,
	15175,
	15196,
	15224,
	15245,
	15258,
	15262,
	8199,
	15283,
	15300,
	15318,
	15328,
	15338,
	15352,
	15362,
	15372,
	15388,
	15406,
	15420,
	15435,
	15449,
	15463,
	15479,
	15496,
	15513,
	15527,
	15542,
	15556,
	15570,
	15586,
	15603,
	12337,
	15620,
	12354,
	15632,
	15643,
	15673,
	12337,
	15673,
	15686,
	15704,
	15720,
	614,
	15731,
	15740,
	12993,
	15757,
	15770,
	15785,
	15794,
	15805,
	15817,
	15836,
	15855,
	15876,
	15899,
	15924,
	15941,
	15955,
	15972,
	15988,
	16005,
	16016,
	16027,
	16046,
	16056,
	16088,
	16095,
	16102,
	16118,
	16133,
	16149,
	1316,
	16165,
	16175,
	16181,
	16193,
	16204,
	2545,
	16217,
	1401,
	16229,
	16235,
	16242,
	16249,
	16263,
	16268,
	16277,
	16286,
	16298,
	16305,
	16318,
	16263,
	14334,
	16329,
	16335,
	1401,
	16349,
	16357,
	16365,
	16373,
	16376,
	16382,
	16390,
	16396,
	16404,
	16409,
	16417,
	16423,
	16431,
	16437,
	820,
	1165,
	1132,
	16446,
	16459,
	16470,
	1132,
	1316,
	16484,
	16489,
	4630,
	4668,
	16507,
	16520,
	16530,
	16543,
	16569,
	16590,
	16605,
	16640,
	16683,
	16717,
	16746,
	16759,
	16771,
	16784,
	16795,
	16808,
	16826,
	16832,
	16844,
	16850,
	16863,
	16878,
	16889,
	16896,
	16910,
	16924,
	16934,
	16951,
	16959,
	16974,
	16987,
	4598,
	4613,
	17002,
	17016,
	17035,
	17070,
	14090,
	17083,
	4598,
	10759,
	17103,
	17114,
	17132,
	17152,
	17172,
	17194,
	4705,
	17211,
	17237,
	17255,
	1311,
	17265,
	17275,
	17285,
	17290,
	17297,
	17306,
	17316,
	17324,
	17332,
	17339,
	17346,
	17355,
	17364,
	17373,
	17383,
	17392,
	17405,
	17411,
	17420,
	17430,
	17441,
	17458,
	17466,
	17477,
	17483,
	17497,
	17504,
	17509,
	17519,
	17528,
	17538,
	17547,
	17555,
	17568,
	17574,
	17584,
	17589,
	17602,
	17612,
	17619,
	17626,
	17633,
	17645,
	17656,
	17663,
	17670,
	17680,
	17692,
	17701,
	17708,
	17718,
	17727,
	17742,
	17748,
	17756,
	17766,
	17773,
	17779,
	17785,
	17790,
	17804,
	17813,
	17823,
	17829,
	17837,
	17847,
	17854,
	17861,
	17868,
	17874,
	17880,
	17890,
	17897,
	17909,
	17916,
	17927,
	17934,
	17941,
	1311,
	38204,
	38208,
	38212,
	38216,
	38220,
	38224,
	38228,
	38232,
	38236,
	38240,
	38244,
	38248,
	38252,
	38256,
	38260,
	38264,
	38268,
	38272,
	38276,
	38280,
	38284,
	38288,
	38292,
	38296,
	38300,
	38304,
	38308,
	38312,
	38316,
	38320,
	38324,
	38328,
	38332,
	38336,
	38340,
	38344,
	38348,
	38352,
	38356,
	38360,
	38364,
	38368,
	38372,
	38376,
	38380,
	38384,
	38388,
	38392,
	38396,
	38400,
	38404,
	38408,
	38412,
	38416,
	38420,
	38424,
	38428,
	38432,
	17947,
	17959,
	17997,
	38436,
	17947,
	18005,
	18017,
	11800,
	18031,
	18043,
	18066,
	18088,
	18108,
	18123,
	18145,
	18164,
	18184,
	18198,
	18211,
	18224,
	18239,
	18254,
	18265,
	18289,
	18305,
	18331,
	18377,
	18402,
	18416,
	18431,
	18444,
	18455,
	18467,
	18479,
	18491,
	18503,
	18515,
	18537,
	18550,
	15855,
	8069,
	18563,
	18579,
	18589,
	18597,
	18605,
	18620,
	18635,
	18642,
	18649,
	18660,
	18686,
	18707,
	18718,
	18742,
	18754,
	18767,
	18786,
	18804,
	18811,
	18820,
	18834,
	18847,
	18855,
	18867,
	18897,
	18909,
	18927,
	5967,
	18941,
	18951,
	18974,
	19002,
	19020,
	19035,
	19050,
	19065,
	19087,
	13286,
	19103,
	19106,
	19117,
	10596,
	19155,
	19169,
	19182,
	1680,
	19195,
	19211,
	19224,
	19235,
	19238,
	19242,
	19263,
	19301,
	19352,
	19380,
	19411,
	19439,
	19453,
	19465,
	19481,
	19497,
	19511,
	19518,
	19526,
	19535,
	19541,
	19548,
	19558,
	19571,
	19586,
	19601,
	19628,
	19661,
	19675,
	19689,
	19723,
	19736,
	19754,
	19783,
	10596,
	19804,
	19819,
	19840,
	19854,
	19892,
	19938,
	19958,
	19998,
	20035,
	20055,
	20112,
	20139,
	20154,
	20175,
	20190,
	20217,
	20229,
	20250,
	20281,
	20293,
	20305,
	4692,
	20331,
	20358,
	20369,
	20373,
	20377,
	20402,
	20427,
	20438,
	20447,
	20465,
	20486,
	20506,
	20510,
	20518,
	20521,
	20547,
	20581,
	2134,
	20628,
	20662,
	20699,
	6885,
	20742,
	20754,
	20794,
	20805,
	20816,
	20827,
	20838,
	20846,
	20858,
	20871,
	20887,
	20906,
	20921,
	20938,
	20960,
	20973,
	20986,
	21000,
	21015,
	11305,
	21029,
	21045,
	21060,
	21074,
	21087,
	21101,
	21114,
	21133,
	21151,
	21163,
	21173,
	21183,
	21195,
	21205,
	63,
	21215,
	21227,
	21244,
	21261,
	21282,
	21299,
	21312,
	21333,
	21351,
	21378,
	21394,
	1651,
	21433,
	21445,
	21455,
	21465,
	21494,
	21512,
	21015,
	21529,
	21545,
	2572,
	21558,
	21566,
	21572,
	21582,
	21591,
	21627,
	21655,
	2545,
	21684,
	21705,
	21717,
	21758,
	21770,
	21779,
	21796,
	21814,
	21844,
	21863,
	21870,
	21880,
	21890,
	21898,
	21909,
	21919,
	21933,
	21943,
	21961,
	21973,
	21986,
	21995,
	22011,
	22023,
	22034,
	22041,
	22049,
	22066,
	22083,
	22103,
	22120,
	22140,
	22155,
	22164,
	22170,
	22216,
	22260,
	22273,
	22296,
	22349,
	22422,
	22449,
	22466,
	603,
	38468,
	22476,
	11800,
	22489,
	22498,
	22514,
	22524,
	22538,
	22549,
	22565,
	22580,
	22592,
	22606,
	22617,
	22629,
	38468,
	22644,
	22664,
	22707,
	22748,
	22755,
	22759,
	22770,
	22797,
	22818,
	22833,
	22849,
	22875,
	22893,
	22919,
	22939,
	22968,
	22989,
	23008,
	23031,
	10596,
	23059,
	23089,
	23095,
	20518,
	23100,
	19465,
	23113,
	23121,
	1835,
	23131,
	23140,
	1528,
	1471,
	1172,
	2192,
	23156,
	19224,
	23165,
	23176,
	8448,
	23190,
	23198,
	23203,
	23225,
	23245,
	19411,
	20581,
	23258,
	23303,
	20547,
	23335,
	23345,
	23351,
	23366,
	23379,
	38440,
	38448,
	38456,
	19481,
	19511,
	19518,
	19526,
	19535,
	19541,
	19453,
	19497,
	19548,
	19558,
	19571,
	19586,
	23396,
	23410,
	23423,
	23431,
	23439,
	23447,
	1680,
	23458,
	23469,
	23479,
	23493,
	23499,
	23506,
	23516,
	23537,
	23558,
	23570,
	23587,
	23594,
	23607,
	23618,
	23631,
	23641,
	16263,
	23669,
	23695,
	23706,
	23726,
	19263,
	23748,
	78,
	8448,
	23770,
	23780,
	23790,
	23800,
	23810,
	23840,
	23870,
	23906,
	23944,
	23982,
	24020,
	24058,
	24100,
	24142,
	24184,
	24226,
	24232,
	24272,
	24300,
	24341,
	2045,
	24354,
	10620,
	24368,
	10596,
	24382,
	24403,
	4578,
	19242,
	24426,
	24461,
	24491,
	24512,
	24527,
	19675,
	2721,
	24542,
	21378,
	24557,
	24565,
	24589,
	24598,
	24623,
	24636,
	24653,
	24672,
	24688,
	24706,
	24749,
	63,
	24796,
	24810,
	24830,
	24844,
	24864,
	24879,
	24900,
	24915,
	24936,
	24958,
	24974,
	24995,
	25010,
	25047,
	20628,
	25077,
	2545,
	25123,
	25155,
	25188,
	25221,
	25261,
	25274,
	25288,
	25299,
	25309,
	25317,
	25334,
	2379,
	25341,
	25358,
	25371,
	25383,
	25396,
	25409,
	25422,
	715,
	25436,
	19195,
	25455,
	25463,
	25473,
	25482,
	25495,
	25509,
	25519,
	25531,
	20754,
	25540,
	5449,
	25564,
	25582,
	25595,
	16844,
	25599,
	25605,
	25614,
	16263,
	25628,
	25644,
	25673,
	25700,
	25719,
	25737,
	25754,
	25782,
	25811,
	25836,
	25861,
	25886,
	11275,
	11305,
	25898,
	25902,
	25917,
	11314,
	24557,
	25932,
	25937,
	25947,
	25963,
	25988,
	26010,
	26028,
	26042,
	26053,
	26064,
	26071,
	26087,
	26098,
	26106,
	26113,
	26125,
	26183,
	26197,
	26208,
	14269,
	26235,
	26260,
	2545,
	23631,
	26272,
	26281,
	26286,
	26302,
	25317,
	3317,
	26316,
	26330,
	1210,
	3317,
	26343,
	26358,
	26387,
	25123,
	26406,
	26415,
	26427,
	5449,
	26443,
	12303,
	26465,
	26481,
	26496,
	26517,
	26534,
	26540,
	26553,
	26570,
	14742,
	14747,
	26577,
	26603,
	26629,
	26655,
	26681,
	26721,
	26761,
	26786,
	26809,
	26831,
	26854,
	1369,
	26876,
	2681,
	2670,
	26892,
	26909,
	26925,
	26951,
	26982,
	27008,
	27034,
	27047,
	27068,
	27083,
	27089,
	27094,
	27113,
	27126,
	27136,
	27140,
	27155,
	27170,
	27181,
	27192,
	27201,
	27214,
	27224,
	27238,
	27247,
	27260,
	27274,
	27284,
	27294,
	27307,
	27321,
	6016,
	27333,
	27351,
	27363,
	27376,
	23469,
	25599,
	16826,
	27391,
	27396,
	27402,
	27417,
	27425,
	27436,
	27452,
	27468,
	27484,
	27500,
	27510,
	27526,
	27546,
	27567,
	27583,
	27603,
	27624,
	27640,
	27660,
	27681,
	27697,
	27717,
	27738,
	27749,
	27766,
	27783,
	27800,
	27817,
	27321,
	27829,
	4469,
	23131,
	27839,
	1857,
	27847,
	14319,
	27855,
	27864,
	27887,
	27909,
	27932,
	27955,
	27971,
	27981,
	27992,
	28002,
	28012,
	28026,
	28041,
	28051,
	28058,
	1700,
	28068,
	28083,
	28098,
	28113,
	28128,
	28144,
	28158,
	28172,
	28186,
	28200,
	10030,
	28215,
	28221,
	28226,
	28241,
	7015,
	28254,
	28271,
	28286,
	28323,
	38464,
	28355,
	28368,
	1323,
	28387,
	28398,
	15632,
	6682,
	16826,
	28405,
	28417,
	2565,
	28429,
	28437,
	6387,
	28445,
	1938,
	13298,
	28450,
	28456,
	28463,
	16844,
	28469,
	38464,
	28499,
	28503,
	28515,
	28524,
	28535,
	4907,
	28543,
	28574,
	28590,
	28606,
	24341,
	28613,
	28643,
	28657,
	28675,
	28692,
	28708,
	28730,
	28752,
	2572,
	26098,
	28772,
	28779,
	28788,
	28799,
	28821,
	28840,
	28606,
	24341,
	28860,
	28877,
	11583,
	28895,
	11583,
	28907,
	28922,
	28937,
	28951,
	28965,
	28986,
	29000,
	29011,
	29027,
	29033,
	29044,
	29059,
	29070,
	29081,
	29092,
	29114,
	29123,
	29132,
	29140,
	29148,
	29156,
	29164,
	29172,
	29180,
	29188,
	29196,
	29204,
	29212,
	29221,
	29230,
	29239,
	29248,
	29257,
	29266,
	29275,
	29287,
	29299,
	29311,
	29323,
	29335,
	29347,
	29359,
	29371,
	29383,
	29396,
	29409,
	29422,
	29435,
	29448,
	29461,
	29474,
	29482,
	29490,
	29498,
	29506,
	29514,
	29522,
	29530,
	29538,
	29546,
	29555,
	29564,
	29573,
	29582,
	29591,
	29600,
	29609,
	38466,
	38468,
	38470,
	38472,
	38474,
	38477,
	29628,
	29668,
	29687,
	29704,
	29722,
	12402,
	29733,
	29748,
	29761,
	29786,
	29805,
	29817,
	10566,
	28499,
	10580,
	29829,
	29839,
	29861,
	38480,
	2545,
	29884,
	29892,
	29908,
	29915,
	29927,
	29947,
	29959,
	29971,
	28907,
	30044,
	30064,
	30131,
	30149,
	30173,
	30190,
	30200,
	30210,
	30215,
	13103,
	30228,
	13286,
	30247,
	30260,
	30273,
	30290,
	30300,
	30314,
	30324,
	30344,
	30361,
	30374,
	30397,
	30411,
	30427,
	30439,
	30452,
	30467,
	30480,
	30492,
	30505,
	30512,
	30518,
	30525,
	30532,
	30538,
	30546,
	30554,
	30562,
	30569,
	30576,
	30586,
	30596,
	30604,
	30610,
	30620,
	30627,
	30638,
	30646,
	30654,
	30662,
	28051,
	30669,
	30674,
	30681,
	333,
	30690,
	30697,
	30705,
	30716,
	30723,
	30729,
	30739,
	30752,
	30794,
	30804,
	30821,
	30835,
	30847,
	30912,
	30921,
	30936,
	30938,
	30940,
	30942,
	30944,
	30946,
	30948,
	30950,
	30952,
	30954,
	30957,
	30960,
	30963,
	30966,
	30969,
	30972,
	30974,
	30977,
	30980,
	30983,
	30969,
	30986,
	30989,
	30992,
	30995,
	30998,
	31001,
	31004,
	31007,
	31010,
	31013,
	31016,
	31019,
	30992,
	31022,
	31025,
	31028,
	31030,
	31032,
	31034,
	9359,
	31036,
	31038,
	31040,
	30972,
	31038,
	31042,
	31044,
	31030,
	9355,
	31046,
	9353,
	9359,
	31036,
	31048,
	31050,
	31040,
	31052,
	9355,
	31054,
	38464,
	38464,
	38464,
	38488,
	38491,
	38494,
	38497,
	38501,
	38504,
	31059,
	31072,
	31084,
	31095,
	31119,
	31137,
	31156,
	31173,
	4457,
	31186,
	31209,
	31228,
	31236,
	31266,
	31282,
	31292,
	31301,
	31316,
	31332,
	31343,
	38507,
	31355,
	31362,
	38169,
	38468,
	31369,
	31383,
	2545,
	2553,
	31393,
	31419,
	31434,
	31464,
	31490,
	31512,
	31540,
	31554,
	31574,
	31594,
	31614,
	28051,
	31631,
	31644,
	31658,
	31672,
	31686,
	31715,
	31735,
	1768,
	31741,
	28445,
	31752,
	31759,
	31785,
	31791,
	31809,
	31818,
	31832,
	31847,
	31785,
	2572,
	31856,
	31059,
	31873,
	31896,
	31914,
	31936,
	31951,
	31960,
	1893,
	32007,
	32011,
	30912,
	32020,
	32030,
	32052,
	31282,
	32068,
	32075,
	27847,
	32084,
	392,
	459,
	32091,
	32103,
	32112,
	32157,
	32187,
	32193,
	32203,
	32213,
	32228,
	32247,
	32265,
	32278,
	32298,
	32317,
	32332,
	32346,
	32363,
	32373,
	28271,
	32384,
	32398,
	32410,
	32424,
	32431,
	32439,
	32452,
	23499,
	1857,
	32463,
	32470,
	32478,
	32485,
	603,
	32492,
	32512,
	32532,
	32537,
	32546,
	32551,
	32562,
	32568,
	32584,
	32599,
	32613,
	32622,
	32631,
	5007,
	16863,
	32640,
	32647,
	32655,
	32664,
	32669,
	32680,
	32687,
	32702,
	30190,
	18927,
	32715,
	32730,
	32745,
	32775,
	32792,
	32806,
	32814,
	32824,
	32836,
	32846,
	32860,
	32868,
	32878,
	32890,
	32900,
	32915,
	32925,
	32936,
	32949,
	6387,
	6392,
	32960,
	32980,
	33008,
	33023,
	33036,
	31383,
	2045,
	33067,
	33081,
	33094,
	33111,
	33126,
	33141,
	33148,
	33159,
	33176,
	33194,
	33207,
	33220,
	33234,
	33247,
	33252,
	33259,
	33280,
	33296,
	33308,
	33319,
	33328,
	33341,
	19481,
	19182,
	19511,
	19518,
	19526,
	19535,
	33354,
	19541,
	33361,
	33373,
	33385,
	33390,
	33407,
	33417,
	33427,
	33437,
	23140,
	33447,
	26415,
	14269,
	25383,
	25396,
	25288,
	33458,
	33467,
	25299,
	33477,
	33490,
	33505,
	33514,
	33523,
	33535,
	5958,
	33547,
	24830,
	24796,
	33558,
	33573,
	33589,
	33603,
	33618,
	33636,
	33653,
	33666,
	33680,
	33691,
	20838,
	33703,
	33717,
	33729,
	21015,
	20906,
	20921,
	20938,
	33745,
	33763,
	33786,
	20887,
	33799,
	33823,
	33850,
	33864,
	33882,
	33902,
	26064,
	33923,
	33944,
	33958,
	33970,
	33981,
	34002,
	34015,
	34022,
	34032,
	34049,
	34059,
	34070,
	34080,
	34094,
	34100,
	34106,
	34111,
	34119,
	34129,
	34143,
	34148,
	34155,
	34143,
	34148,
	34155,
	34161,
	34173,
	38516,
	38521,
	38526,
	38531,
	38536,
	38541,
	38546,
	38551,
	38556,
	38561,
	38567,
	38572,
	38577,
	38582,
	38587,
	38592,
	38597,
	38602,
	38607,
	38612,
	34202,
	34224,
	34234,
	34247,
	34256,
	34261,
	34273,
	34286,
	34300,
	34317,
	34333,
	34347,
	34366,
	34377,
	34393,
	34399,
	34411,
	34422,
	34427,
	34432,
	34439,
	34444,
	34450,
	34458,
	34469,
	34479,
	34500,
	34514,
	34540,
	34551,
	1231,
	34556,
	25886,
	34574,
	34597,
	34620,
	34654,
	34677,
	34699,
	10596,
	34707,
	6885,
	19465,
	34725,
	10167,
	19661,
	21000,
	34733,
	30467,
	34747,
	25341,
	23607,
	34766,
	14134,
	34774,
	34787,
	34831,
	34873,
	34902,
	30247,
	34923,
	34935,
	4488,
	31614,
	34948,
	19380,
	32373,
	25371,
	31741,
	34972,
	34988,
	35010,
	35029,
	35041,
	35059,
	35062,
	35074,
	35082,
	27068,
	35100,
	35106,
	11017,
	35115,
	792,
	35129,
	35140,
	35149,
	35154,
	35159,
	35168,
	19661,
	35181,
	31383,
	35195,
	35212,
	35220,
	35229,
	35238,
	35248,
	35258,
	35274,
	35292,
	737,
	35311,
	35322,
	35334,
	25261,
	35362,
	35375,
	35388,
	35404,
	35427,
	35442,
	35460,
	35480,
	35506,
	35533,
	35557,
	35582,
	35607,
	35633,
	416,
	35649,
	38464,
	35664,
	5449,
	30228,
	1751,
	35675,
	35683,
	35715,
	35726,
	38468,
	26831,
	22797,
	23100,
	35735,
	35750,
	35754,
	35758,
	35762,
	8448,
	23190,
	23198,
	35770,
	35779,
	614,
	30190,
	12029,
	5007,
	14269,
	7142,
	35787,
	35797,
	1848,
	30200,
	7146,
	35807,
	28355,
	35820,
	35831,
	35838,
	35844,
	35857,
	35874,
	35908,
	35922,
	35937,
	35954,
	35965,
	35982,
	35990,
	36009,
	36029,
	36046,
	36063,
	36082,
	36097,
	12053,
	36102,
	715,
	36110,
	36118,
	36131,
	36145,
	35937,
	36179,
	1231,
	36193,
	36198,
	11187,
	36219,
	36256,
	36268,
	36281,
	36290,
	36315,
	36337,
	36374,
	36396,
	36418,
	36439,
	36459,
	36478,
	23345,
	36493,
	36513,
	1311,
	36519,
	36513,
	36530,
	36577,
	36592,
	36606,
	36623,
	36651,
	36660,
	36671,
	36691,
	36722,
	36812,
	36812,
	603,
	16844,
	25599,
	16826,
	22164,
	4469,
	36862,
	36869,
	36877,
	36884,
	36892,
	36902,
	36918,
	37001,
	37010,
	37029,
	37060,
	37085,
	37110,
	37140,
	37161,
	37184,
	37199,
	37219,
	37238,
	37253,
	14070,
	37274,
	37291,
	37315,
	1693,
	37337,
	37354,
	37395,
	37435,
	37488,
	1240,
	37497,
	37514,
	37522,
	37535,
	715,
	37544,
	37561,
	37576,
	37598,
	37626,
	37642,
	14127,
	12053,
	37657,
	37663,
	37708,
	37731,
	37745,
	37755,
	38618,
	38670,
	23,
};
########################################################
TYPE: MAP
LANG: 2
BIT_MODE: 16
DATA:
__align(4) const CUSTOM_STRING_MAP_16 StrMap_2[] = {
	1,
	4,
	9,
	12,
	15,
	18,
	22,
	25,
	28,
	33,
	36,
	41,
	48,
	53,
	58,
	61,
	64,
	67,
	70,
	73,
	1,
	76,
	81,
	84,
	87,
	90,
	93,
	98,
	101,
	104,
	107,
	112,
	118,
	125,
	129,
	129,
	134,
	141,
	84,
	144,
	148,
	151,
	156,
	160,
	165,
	170,
	173,
	178,
	181,
	186,
	193,
	196,
	199,
	204,
	209,
	212,
	219,
	226,
	234,
	240,
	243,
	248,
	253,
	256,
	262,
	267,
	270,
	275,
	278,
	281,
	284,
	289,
	294,
	296,
	302,
	308,
	312,
	315,
	37795,
	318,
	321,
	37800,
	323,
	327,
	330,
	334,
	342,
	345,
	350,
	353,
	366,
	366,
	376,
	383,
	389,
	395,
	395,
	401,
	408,
	414,
	417,
	422,
	425,
	428,
	430,
	433,
	436,
	441,
	445,
	447,
	451,
	458,
	463,
	466,
	471,
	474,
	477,
	480,
	471,
	485,
	488,
	493,
	495,
	500,
	502,
	505,
	510,
	519,
	526,
	84,
	530,
	533,
	533,
	536,
	539,
	543,
	555,
	558,
	561,
	564,
	567,
	570,
	577,
	581,
	588,
	592,
	595,
	598,
	602,
	608,
	611,
	614,
	618,
	623,
	628,
	632,
	635,
	638,
	642,
	646,
	649,
	652,
	655,
	101,
	658,
	661,
	664,
	668,
	675,
	679,
	684,
	687,
	692,
	695,
	698,
	703,
	708,
	713,
	718,
	722,
	485,
	725,
	730,
	736,
	742,
	744,
	749,
	752,
	755,
	760,
	763,
	766,
	769,
	772,
	781,
	789,
	793,
	798,
	805,
	811,
	632,
	814,
	817,
	822,
	826,
	831,
	836,
	839,
	842,
	845,
	37805,
	37809,
	848,
	850,
	857,
	872,
	879,
	886,
	904,
	921,
	930,
	939,
	948,
	952,
	956,
	960,
	964,
	968,
	972,
	976,
	980,
	982,
	984,
	986,
	988,
	990,
	992,
	994,
	997,
	1000,
	1003,
	1006,
	1009,
	1012,
	1015,
	1018,
	1021,
	1025,
	1029,
	1033,
	1038,
	1044,
	1050,
	1054,
	1060,
	1063,
	493,
	848,
	1066,
	1,
	1074,
	530,
	1081,
	530,
	67,
	1,
	1090,
	284,
	519,
	1096,
	519,
	1107,
	1113,
	956,
	960,
	964,
	968,
	972,
	976,
	952,
	1119,
	1122,
	1125,
	1128,
	1131,
	1134,
	1137,
	1140,
	1143,
	1146,
	1149,
	1153,
	1157,
	1168,
	1180,
	1193,
	1200,
	1207,
	1222,
	1229,
	1241,
	1254,
	1265,
	1277,
	1289,
	1295,
	1307,
	37814,
	530,
	848,
	493,
	1315,
	1,
	1323,
	1331,
	193,
	395,
	1338,
	536,
	376,
	577,
	1341,
	1346,
	1352,
	1356,
	1356,
	1356,
	1356,
	366,
	1360,
	1363,
	1380,
	655,
	695,
	37816,
	1394,
	1414,
	345,
	1431,
	1437,
	1441,
	1446,
	1453,
	1457,
	1462,
	1467,
	1457,
	1471,
	196,
	1477,
	1482,
	1494,
	1494,
	1482,
	1494,
	1482,
	1506,
	1510,
	1514,
	1518,
	1522,
	1526,
	1541,
	1559,
	1573,
	1577,
	1581,
	1585,
	1589,
	37822,
	1593,
	1598,
	1621,
	1626,
	1642,
	1655,
	1662,
	1667,
	1671,
	1674,
	1682,
	1690,
	1695,
	1700,
	1705,
	1710,
	1715,
	1720,
	1725,
	1729,
	1732,
	1737,
	1740,
	1744,
	1747,
	1751,
	1756,
	1763,
	1771,
	1785,
	1790,
	1795,
	1800,
	1805,
	1816,
	1822,
	1828,
	1834,
	1839,
	1844,
	1855,
	1865,
	1875,
	1885,
	1892,
	1897,
	1906,
	1911,
	1915,
	1919,
	1923,
	1927,
	1931,
	1935,
	1939,
	1943,
	1947,
	1951,
	1955,
	1960,
	1965,
	1970,
	1975,
	1982,
	1987,
	1987,
	1998,
	2001,
	2006,
	2011,
	2016,
	2021,
	2027,
	2032,
	2037,
	2043,
	2049,
	2054,
	2061,
	2068,
	2097,
	2102,
	2110,
	2115,
	2121,
	2124,
	1063,
	2127,
	2131,
	2136,
	2142,
	2148,
	2153,
	2158,
	2164,
	2170,
	2170,
	2178,
	2178,
	2186,
	2191,
	2199,
	2199,
	2207,
	2212,
	2218,
	2225,
	2230,
	2235,
	2240,
	2246,
	2252,
	2259,
	2264,
	2270,
	2281,
	2285,
	2289,
	2295,
	2301,
	2306,
	2312,
	2317,
	2325,
	2332,
	2337,
	2341,
	2348,
	2354,
	2361,
	2367,
	2372,
	2378,
	2384,
	2393,
	2397,
	2403,
	2410,
	2415,
	1951,
	2422,
	2428,
	2434,
	2443,
	2450,
	2456,
	948,
	2460,
	2465,
	2468,
	2473,
	2478,
	2485,
	2492,
	2497,
	2508,
	2524,
	2535,
	2551,
	2558,
	2565,
	2575,
	2581,
	2583,
	2588,
	2603,
	2613,
	2623,
	2575,
	2575,
	2633,
	2639,
	2644,
	2648,
	2653,
	2657,
	2666,
	2671,
	2678,
	1998,
	2686,
	2688,
	2698,
	2701,
	2706,
	2711,
	2717,
	2722,
	2733,
	2740,
	2748,
	2756,
	2759,
	2764,
	2769,
	2774,
	948,
	2780,
	2787,
	2792,
	2799,
	2804,
	2809,
	2813,
	2822,
	2829,
	2836,
	2843,
	2850,
	2859,
	2868,
	2879,
	2885,
	2890,
	2897,
	2904,
	2909,
	2912,
	2918,
	2923,
	2909,
	2926,
	2935,
	2941,
	2947,
	2955,
	2963,
	2970,
	2978,
	2986,
	18,
	2991,
	2996,
	3001,
	3005,
	3011,
	3015,
	3020,
	3025,
	3031,
	3038,
	3045,
	3056,
	3068,
	3075,
	3082,
	3090,
	3099,
	3110,
	3115,
	3119,
	3123,
	3128,
	3133,
	3135,
	3137,
	1785,
	3142,
	3149,
	3156,
	3167,
	3171,
	3176,
	3180,
	3186,
	3194,
	3199,
	3209,
	3217,
	3225,
	3232,
	3238,
	3243,
	3250,
	3255,
	3260,
	3269,
	3099,
	3274,
	2918,
	3280,
	3286,
	3292,
	3296,
	3301,
	3304,
	3307,
	3316,
	3324,
	3331,
	3336,
	3341,
	3345,
	3350,
	3355,
	3361,
	3366,
	3377,
	3384,
	3393,
	3404,
	3410,
	37832,
	3419,
	3426,
	37837,
	37841,
	37845,
	37849,
	980,
	982,
	984,
	986,
	988,
	990,
	992,
	533,
	3433,
	3440,
	3447,
	3454,
	3461,
	3470,
	3478,
	3487,
	3494,
	3499,
	3505,
	3505,
	3512,
	3517,
	3524,
	3531,
	3539,
	3547,
	3555,
	3565,
	3570,
	3575,
	3580,
	3584,
	3589,
	3596,
	37853,
	3604,
	37832,
	3609,
	37874,
	3613,
	3617,
	3621,
	3625,
	3633,
	3637,
	3641,
	37878,
	3645,
	3651,
	3658,
	3664,
	3670,
	3677,
	3683,
	3690,
	3693,
	3698,
	3702,
	3709,
	37883,
	37895,
	37906,
	37919,
	37932,
	3715,
	3719,
	3722,
	3726,
	3752,
	3755,
	3758,
	3766,
	3771,
	3775,
	3778,
	3781,
	3786,
	3791,
	3794,
	3801,
	281,
	3804,
	3807,
	3814,
	3821,
	3827,
	3832,
	3837,
	3842,
	3850,
	3856,
	3863,
	3871,
	3878,
	3885,
	3891,
	3895,
	3902,
	3917,
	3933,
	3938,
	3940,
	3942,
	3944,
	37945,
	3946,
	37951,
	3957,
	3962,
	3968,
	3974,
	3978,
	3983,
	3989,
	3995,
	4003,
	4008,
	4014,
	4019,
	4025,
	4037,
	4043,
	4049,
	4056,
	4063,
	4075,
	4083,
	4088,
	4088,
	4093,
	4098,
	4103,
	4108,
	4113,
	4119,
	4124,
	4129,
	4134,
	4139,
	3974,
	4145,
	4150,
	4158,
	4165,
	4174,
	4182,
	4189,
	4200,
	4205,
	4213,
	4221,
	4228,
	37814,
	4235,
	4240,
	4246,
	4250,
	4254,
	4258,
	4263,
	4271,
	4277,
	4283,
	4291,
	4299,
	4356,
	4361,
	948,
	4366,
	4371,
	4378,
	4383,
	3974,
	4387,
	4392,
	4399,
	4406,
	4412,
	4417,
	4423,
	4429,
	4436,
	4440,
	4445,
	4450,
	4456,
	4461,
	4466,
	4472,
	4474,
	4476,
	4482,
	4487,
	4493,
	4496,
	4503,
	4508,
	4520,
	4532,
	1951,
	4535,
	4540,
	4544,
	4547,
	4558,
	4569,
	4576,
	4584,
	4590,
	4595,
	4603,
	4611,
	4618,
	4626,
	4630,
	4637,
	4646,
	4654,
	4664,
	4671,
	4387,
	4676,
	4684,
	4692,
	4700,
	37956,
	37980,
	38011,
	38037,
	38070,
	38090,
	38112,
	4708,
	4544,
	4711,
	4716,
	84,
	4721,
	4728,
	3025,
	4744,
	4757,
	4767,
	3020,
	4780,
	4785,
	4794,
	4806,
	4817,
	4824,
	4831,
	4843,
	4850,
	4856,
	38134,
	38142,
	38154,
	38159,
	38164,
	4863,
	4870,
	4877,
	4882,
	4887,
	4893,
	4901,
	4476,
	4909,
	4914,
	4919,
	4926,
	4931,
	4936,
	4941,
	4946,
	4951,
	4956,
	327,
	4958,
	4962,
	4967,
	4970,
	4973,
	4979,
	4984,
	4990,
	4995,
	5000,
	5008,
	5013,
	5018,
	38169,
	38177,
	38186,
	38194,
	5023,
	5026,
	5031,
	5038,
	5045,
	5050,
	755,
	5053,
	5057,
	561,
	5062,
	447,
	5065,
	5076,
	5081,
	5086,
	5106,
	5128,
	1050,
	5137,
	5142,
	5151,
	5159,
	5174,
	5188,
	5197,
	5205,
	5213,
	5229,
	5236,
	5242,
	5252,
	5259,
	5268,
	5274,
	5283,
	5289,
	5294,
	5297,
	5302,
	5307,
	5310,
	1063,
	196,
	5315,
	5318,
	1437,
	1671,
	558,
	281,
	5321,
	5326,
	15,
	5331,
	5342,
	5357,
	463,
	5372,
	5377,
	5382,
	5387,
	5392,
	5397,
	5402,
	5407,
	708,
	703,
	2301,
	5412,
	148,
	536,
	67,
	530,
	5415,
	5420,
	848,
	493,
	22,
	692,
	278,
	5425,
	5428,
	5439,
	5450,
	5457,
	2492,
	5467,
	4387,
	5473,
	2460,
	5479,
	5485,
	5492,
	5498,
	5501,
	5506,
	5512,
	5529,
	5540,
	766,
	471,
	661,
	5548,
	1,
	1662,
	5556,
	4936,
	5561,
	5566,
	262,
	1744,
	5569,
	730,
	736,
	5585,
	5590,
	5593,
	5605,
	5610,
	327,
	5412,
	5616,
	5620,
	5624,
	5628,
	5632,
	5636,
	952,
	956,
	960,
	5641,
	5646,
	5651,
	5656,
	5661,
	5661,
	5668,
	5680,
	5689,
	5700,
	5721,
	5735,
	5746,
	5761,
	5776,
	5784,
	5795,
	5804,
	5810,
	5813,
	3020,
	5820,
	5827,
	5837,
	5843,
	5849,
	5856,
	5863,
	5870,
	5877,
	5886,
	5892,
	5899,
	5905,
	5911,
	5919,
	5928,
	5937,
	5943,
	5950,
	5956,
	5962,
	5970,
	5979,
	4637,
	5988,
	4646,
	5999,
	6005,
	6020,
	4637,
	6020,
	6028,
	6033,
	6038,
	6042,
	6046,
	6050,
	4901,
	6056,
	6065,
	6072,
	6077,
	6084,
	6092,
	6100,
	6108,
	6116,
	6123,
	6132,
	6140,
	6147,
	6159,
	6170,
	6182,
	6190,
	6198,
	6208,
	6215,
	6224,
	6227,
	6230,
	6235,
	6240,
	6246,
	502,
	6251,
	6254,
	6257,
	6261,
	6265,
	1050,
	6268,
	84,
	6273,
	6277,
	6282,
	6287,
	64,
	6291,
	6295,
	6299,
	6303,
	6306,
	6310,
	64,
	6315,
	6320,
	6324,
	84,
	6328,
	6332,
	6336,
	6340,
	6345,
	6351,
	6359,
	6365,
	6373,
	6378,
	6386,
	6392,
	6400,
	6406,
	321,
	445,
	428,
	6409,
	6414,
	6419,
	428,
	445,
	6424,
	6426,
	1805,
	1816,
	6434,
	6439,
	284,
	6444,
	6451,
	1839,
	6458,
	6469,
	1844,
	1855,
	6227,
	6488,
	6493,
	6498,
	6503,
	6508,
	6513,
	6517,
	6522,
	6526,
	6532,
	6535,
	6539,
	6542,
	6547,
	6551,
	6556,
	6561,
	6566,
	6571,
	6576,
	1795,
	6582,
	6587,
	6593,
	6603,
	6616,
	5310,
	6622,
	1795,
	4043,
	6629,
	6635,
	6642,
	6649,
	6656,
	6663,
	1828,
	6670,
	6678,
	6686,
	500,
	6691,
	6696,
	6702,
	6706,
	6709,
	6713,
	6718,
	6721,
	6724,
	6727,
	6733,
	6738,
	6743,
	6748,
	6754,
	6759,
	6767,
	6770,
	6774,
	6778,
	6784,
	6790,
	6794,
	6799,
	6802,
	6807,
	6811,
	6814,
	6817,
	6821,
	6826,
	6832,
	6836,
	6842,
	6846,
	6851,
	6854,
	6858,
	6864,
	6868,
	6872,
	6875,
	6879,
	6883,
	6887,
	6891,
	6895,
	6900,
	6905,
	6909,
	6913,
	6916,
	6921,
	6924,
	6929,
	6935,
	6939,
	6943,
	6947,
	6950,
	6954,
	6959,
	6963,
	6967,
	6971,
	6977,
	6980,
	6983,
	6987,
	6990,
	6993,
	6997,
	7001,
	7005,
	7008,
	7012,
	7015,
	7019,
	500,
	38204,
	38208,
	38212,
	38216,
	38220,
	38224,
	38228,
	38232,
	38236,
	38240,
	38244,
	38248,
	38252,
	38256,
	38260,
	38264,
	38268,
	38272,
	38276,
	38280,
	38284,
	38288,
	38292,
	38296,
	38300,
	38304,
	38308,
	38312,
	38316,
	38320,
	38324,
	38328,
	38332,
	38336,
	38340,
	38344,
	38348,
	38352,
	38356,
	38360,
	38364,
	38368,
	38372,
	38376,
	38380,
	38384,
	38388,
	38392,
	38396,
	38400,
	38404,
	38408,
	38412,
	38416,
	38420,
	38424,
	38428,
	38432,
	7022,
	7027,
	7037,
	38436,
	7022,
	7041,
	7046,
	4456,
	7051,
	7056,
	7065,
	7072,
	7078,
	7083,
	7092,
	7097,
	7100,
	7107,
	7114,
	7119,
	7124,
	7129,
	6033,
	7134,
	7141,
	7148,
	7159,
	7167,
	7172,
	7177,
	7182,
	7187,
	7193,
	7199,
	7205,
	7211,
	7217,
	7222,
	7226,
	7230,
	2986,
	2769,
	2648,
	7236,
	7241,
	7246,
	7251,
	7256,
	7260,
	7264,
	7269,
	7275,
	7281,
	7286,
	3001,
	7293,
	7296,
	7303,
	7310,
	7313,
	7316,
	7327,
	7337,
	7341,
	7346,
	7355,
	7360,
	7367,
	2301,
	7375,
	7379,
	7386,
	7394,
	7400,
	7405,
	7417,
	7424,
	7429,
	463,
	7435,
	7437,
	7440,
	3974,
	7447,
	7452,
	7457,
	7462,
	7465,
	7470,
	7476,
	7481,
	7484,
	7487,
	7496,
	7512,
	7528,
	7541,
	7550,
	7558,
	7563,
	7568,
	7573,
	7578,
	7583,
	7587,
	7591,
	7596,
	7599,
	7602,
	7605,
	7610,
	7616,
	7622,
	7629,
	7640,
	7644,
	7651,
	7665,
	401,
	7670,
	7680,
	3974,
	7687,
	7695,
	7704,
	7709,
	7719,
	7736,
	7743,
	7757,
	7770,
	7777,
	7794,
	7800,
	7806,
	7812,
	7817,
	7825,
	7832,
	7839,
	289,
	289,
	4049,
	1822,
	7851,
	7861,
	7866,
	7870,
	7874,
	7883,
	7892,
	7897,
	7902,
	7909,
	7918,
	7925,
	7927,
	7932,
	7936,
	7949,
	7961,
	850,
	7978,
	7991,
	8005,
	2644,
	8020,
	8026,
	8041,
	8048,
	8055,
	8062,
	8069,
	8073,
	8078,
	8083,
	8089,
	8096,
	8102,
	8108,
	8116,
	8123,
	8129,
	8135,
	8141,
	4254,
	8147,
	8152,
	8157,
	8162,
	8167,
	8172,
	8177,
	8182,
	8187,
	8192,
	8197,
	8202,
	8207,
	8212,
	28,
	8217,
	8222,
	8230,
	8238,
	8242,
	8246,
	8251,
	8258,
	8263,
	8272,
	8277,
	638,
	8289,
	8294,
	8298,
	8302,
	8313,
	8319,
	8325,
	8331,
	8336,
	1063,
	28,
	8341,
	8347,
	8352,
	8357,
	8372,
	8384,
	1050,
	8396,
	8404,
	8411,
	8426,
	8432,
	8437,
	8443,
	8450,
	8460,
	8467,
	8472,
	8477,
	8482,
	8487,
	8491,
	8494,
	8498,
	8502,
	8510,
	8518,
	8526,
	8530,
	8502,
	8536,
	8544,
	8546,
	8549,
	8555,
	8560,
	8565,
	8570,
	8575,
	8580,
	4250,
	8584,
	8599,
	8609,
	8614,
	8622,
	8637,
	8653,
	8664,
	8669,
	8673,
	2686,
	8678,
	4456,
	8683,
	8686,
	8691,
	8699,
	8707,
	8715,
	8724,
	8732,
	8739,
	8746,
	8751,
	8756,
	2686,
	8763,
	8772,
	8785,
	8798,
	8801,
	8809,
	8814,
	8832,
	8837,
	8845,
	8851,
	8867,
	8872,
	8881,
	8890,
	8902,
	8908,
	8915,
	8922,
	3974,
	8932,
	8944,
	8944,
	7932,
	8947,
	7568,
	8952,
	8957,
	8962,
	8967,
	8971,
	8976,
	561,
	447,
	8981,
	8988,
	7476,
	8992,
	8999,
	3115,
	9004,
	9007,
	9011,
	9018,
	9027,
	7550,
	9033,
	9049,
	9065,
	7949,
	9077,
	9080,
	9083,
	9088,
	9093,
	38440,
	38448,
	38456,
	7573,
	7583,
	7587,
	7591,
	7596,
	7599,
	7563,
	7578,
	7602,
	7605,
	7610,
	7616,
	9098,
	9104,
	9109,
	9114,
	9120,
	9124,
	652,
	9127,
	9131,
	9137,
	9142,
	9145,
	9145,
	9148,
	9159,
	9165,
	9170,
	9175,
	9180,
	9186,
	9193,
	9198,
	8263,
	64,
	9203,
	9213,
	9221,
	9230,
	7496,
	9241,
	36,
	3115,
	8041,
	8048,
	8055,
	8062,
	9248,
	9270,
	9292,
	9313,
	9327,
	9341,
	9355,
	9369,
	9383,
	9397,
	9383,
	9411,
	9415,
	9428,
	9435,
	9449,
	814,
	9455,
	3983,
	58,
	3974,
	9460,
	9468,
	281,
	7487,
	9477,
	9492,
	9501,
	9506,
	9511,
	7644,
	4182,
	9517,
	8272,
	8526,
	9522,
	9530,
	9533,
	9538,
	9544,
	9550,
	9556,
	9563,
	9569,
	9581,
	28,
	9593,
	9599,
	9606,
	9612,
	9619,
	9626,
	9633,
	9640,
	9648,
	9656,
	9663,
	9670,
	9676,
	9690,
	7978,
	9702,
	1050,
	9714,
	9727,
	9740,
	9752,
	9766,
	9772,
	9776,
	9781,
	9790,
	9795,
	9801,
	948,
	9805,
	9813,
	9819,
	9825,
	9830,
	9835,
	58,
	281,
	9840,
	7465,
	9845,
	9848,
	9851,
	9854,
	9859,
	9863,
	9866,
	9871,
	9875,
	9890,
	2110,
	9899,
	9916,
	3304,
	6522,
	9922,
	9926,
	9929,
	64,
	9932,
	9937,
	9947,
	9956,
	9964,
	9973,
	9511,
	9980,
	9989,
	10001,
	10012,
	10023,
	4235,
	4254,
	10028,
	10032,
	10038,
	10044,
	8526,
	10049,
	10053,
	10059,
	10067,
	10077,
	10088,
	345,
	10096,
	10101,
	10107,
	10112,
	10117,
	84,
	9124,
	10122,
	10127,
	10140,
	10146,
	10152,
	463,
	10160,
	10160,
	1050,
	9198,
	10167,
	10171,
	10175,
	10181,
	9795,
	1346,
	6526,
	9916,
	463,
	1346,
	10187,
	10195,
	10207,
	9714,
	10215,
	10219,
	10223,
	2110,
	10228,
	10235,
	10242,
	10247,
	10253,
	10260,
	10266,
	10269,
	10274,
	10280,
	730,
	736,
	10283,
	10294,
	10305,
	10316,
	10327,
	10354,
	10381,
	10387,
	10394,
	10404,
	10410,
	345,
	10415,
	10420,
	10430,
	10435,
	10435,
	10440,
	10449,
	1346,
	10457,
	10467,
	10472,
	10480,
	10487,
	10490,
	10493,
	10501,
	10508,
	722,
	10513,
	10519,
	10526,
	10533,
	10540,
	10545,
	10553,
	10558,
	10563,
	10568,
	10573,
	10579,
	10584,
	173,
	10589,
	10594,
	2325,
	2317,
	10594,
	10594,
	948,
	10599,
	9922,
	10602,
	10606,
	10606,
	10608,
	10614,
	10618,
	10624,
	10634,
	10644,
	10654,
	10664,
	10669,
	10678,
	10687,
	10696,
	10705,
	10714,
	10723,
	10732,
	10741,
	10750,
	10759,
	10768,
	10777,
	10783,
	10794,
	10805,
	10816,
	10827,
	10594,
	10832,
	1744,
	10837,
	10842,
	10847,
	10852,
	10857,
	10862,
	10867,
	10875,
	10883,
	10891,
	18,
	10899,
	10904,
	10909,
	10913,
	10917,
	10923,
	10929,
	10934,
	7310,
	2706,
	10937,
	10947,
	10957,
	10967,
	10977,
	10982,
	10990,
	10998,
	11006,
	11014,
	3719,
	11019,
	11022,
	11025,
	11030,
	2698,
	11035,
	11042,
	11047,
	11057,
	38464,
	11065,
	11070,
	11075,
	11081,
	11087,
	5999,
	2583,
	6513,
	11091,
	11097,
	1060,
	11103,
	11107,
	11111,
	11115,
	11119,
	11123,
	11127,
	11131,
	11135,
	6522,
	11139,
	4956,
	11149,
	11152,
	11158,
	11162,
	11167,
	11171,
	11180,
	11185,
	11042,
	11190,
	9449,
	11193,
	11204,
	11209,
	11214,
	11219,
	11224,
	11229,
	11234,
	1063,
	84,
	11240,
	11243,
	11246,
	11234,
	11250,
	11255,
	11190,
	9449,
	11260,
	11265,
	4387,
	11270,
	4387,
	11275,
	11282,
	11287,
	11293,
	11300,
	11309,
	11317,
	11322,
	11326,
	11330,
	11336,
	11342,
	11346,
	11350,
	11300,
	11354,
	11357,
	11362,
	11369,
	11373,
	11377,
	11381,
	11385,
	11389,
	11393,
	11397,
	11401,
	11405,
	11410,
	11415,
	11420,
	11425,
	11430,
	11435,
	11440,
	11444,
	11448,
	11452,
	11456,
	11460,
	11464,
	11468,
	11472,
	11476,
	11481,
	11486,
	11491,
	11496,
	11501,
	11506,
	11511,
	11515,
	11519,
	11523,
	11527,
	11531,
	11535,
	11539,
	11543,
	11547,
	11552,
	11557,
	11562,
	11567,
	11572,
	11577,
	11582,
	38466,
	38468,
	38470,
	38472,
	38474,
	38477,
	11589,
	11603,
	11612,
	11619,
	11624,
	4671,
	11629,
	11634,
	11639,
	11646,
	11653,
	11658,
	11663,
	11149,
	3968,
	11669,
	11676,
	11683,
	38480,
	1050,
	11698,
	11703,
	11710,
	11713,
	11717,
	11728,
	11733,
	11738,
	11757,
	11764,
	11771,
	11794,
	11802,
	11809,
	11814,
	11818,
	11823,
	11828,
	4958,
	11833,
	11838,
	10107,
	11843,
	11848,
	11354,
	11853,
	11858,
	11861,
	11866,
	11873,
	11878,
	11884,
	11889,
	11894,
	11898,
	11903,
	11908,
	11913,
	11918,
	11923,
	11928,
	11932,
	11936,
	11939,
	11943,
	11946,
	11951,
	11955,
	11958,
	11963,
	11968,
	11972,
	11977,
	11981,
	11985,
	11989,
	11994,
	11997,
	12001,
	12006,
	10934,
	12009,
	12012,
	12016,
	125,
	12019,
	12022,
	12025,
	12028,
	12031,
	12034,
	12038,
	12046,
	12058,
	12062,
	12069,
	12075,
	12082,
	12100,
	12103,
	982,
	984,
	986,
	988,
	990,
	992,
	12106,
	12108,
	12110,
	12112,
	12114,
	12116,
	12119,
	12122,
	12125,
	12128,
	12131,
	12134,
	12137,
	12140,
	12143,
	12146,
	12149,
	12152,
	12155,
	12158,
	12161,
	12164,
	12167,
	12170,
	12173,
	12176,
	12179,
	12182,
	12185,
	12188,
	12191,
	12193,
	12195,
	12197,
	12199,
	12201,
	12203,
	12205,
	12207,
	12209,
	12211,
	12213,
	12215,
	12217,
	12219,
	12221,
	12223,
	12225,
	12227,
	12229,
	12231,
	12233,
	12235,
	12237,
	12239,
	12241,
	12243,
	38488,
	38491,
	38494,
	38497,
	38501,
	38504,
	12245,
	12252,
	12258,
	12263,
	12279,
	12284,
	12289,
	12294,
	12299,
	12304,
	12313,
	12321,
	12327,
	12337,
	12343,
	12348,
	12353,
	12353,
	2121,
	12361,
	38507,
	12366,
	12370,
	38169,
	2686,
	12374,
	12378,
	1050,
	1054,
	12381,
	12386,
	12392,
	12399,
	12405,
	12412,
	12420,
	12424,
	12433,
	12438,
	12444,
	10934,
	12449,
	12454,
	12459,
	12465,
	12471,
	12483,
	12490,
	692,
	12493,
	12497,
	789,
	12500,
	12510,
	12513,
	12520,
	12524,
	12524,
	12532,
	12510,
	1063,
	12537,
	12245,
	12545,
	12554,
	12562,
	12571,
	12579,
	12584,
	12597,
	7897,
	12602,
	12100,
	12605,
	12609,
	12616,
	12343,
	12621,
	12624,
	12627,
	12630,
	12633,
	12636,
	12639,
	12643,
	12646,
	12660,
	12670,
	12673,
	12676,
	12679,
	12684,
	12689,
	12694,
	12700,
	12706,
	12713,
	12718,
	12724,
	12730,
	12737,
	12743,
	12748,
	12753,
	12761,
	12767,
	12771,
	12776,
	12783,
	2909,
	485,
	12790,
	7097,
	502,
	12793,
	8673,
	12796,
	12802,
	12808,
	12811,
	12814,
	12627,
	12817,
	12820,
	12827,
	12834,
	12841,
	7097,
	12846,
	1951,
	6532,
	12850,
	12855,
	12861,
	12867,
	12872,
	12877,
	12882,
	12891,
	11814,
	7367,
	12900,
	12909,
	12917,
	12930,
	12935,
	12941,
	12945,
	12949,
	12955,
	12959,
	12966,
	12971,
	12976,
	12983,
	12959,
	12966,
	12971,
	12976,
	12983,
	2465,
	2468,
	11866,
	12988,
	12998,
	8999,
	13005,
	12378,
	7640,
	13012,
	13017,
	13026,
	13031,
	13038,
	13045,
	13050,
	13054,
	13061,
	13067,
	13071,
	13076,
	13081,
	13086,
	13092,
	13096,
	13096,
	13101,
	13108,
	13114,
	13121,
	13126,
	13133,
	13139,
	13144,
	13148,
	13152,
	13157,
	13160,
	13163,
	13166,
	13172,
	13178,
	13181,
	13186,
	13190,
	13194,
	13198,
	13202,
	13207,
	13212,
	463,
	9825,
	9830,
	9776,
	13216,
	13223,
	9781,
	13230,
	13236,
	13242,
	13247,
	13252,
	13260,
	2295,
	2285,
	9606,
	9593,
	13268,
	13268,
	13275,
	13275,
	13282,
	13288,
	13294,
	13301,
	13308,
	9835,
	8069,
	13313,
	13318,
	817,
	8141,
	8096,
	8102,
	8108,
	13323,
	13330,
	13339,
	8089,
	13344,
	13352,
	1982,
	13361,
	1987,
	1987,
	10107,
	13367,
	13375,
	13380,
	8187,
	13385,
	13390,
	658,
	13395,
	13400,
	13405,
	13410,
	13413,
	13416,
	13420,
	13422,
	13424,
	13427,
	13430,
	13433,
	13437,
	13439,
	13442,
	13437,
	13439,
	13442,
	13444,
	13449,
	38516,
	38521,
	38526,
	38531,
	38536,
	38541,
	38546,
	38551,
	38556,
	38561,
	38567,
	38572,
	38577,
	38582,
	38587,
	38592,
	38597,
	38602,
	38607,
	38612,
	13459,
	13462,
	13465,
	13468,
	13471,
	13474,
	13477,
	13481,
	13483,
	13486,
	13488,
	13491,
	13495,
	13498,
	13502,
	13505,
	13511,
	13517,
	13520,
	13524,
	13528,
	13531,
	13534,
	13538,
	13542,
	13546,
	13552,
	13559,
	13569,
	10044,
	471,
	13575,
	10023,
	13583,
	13590,
	13598,
	13610,
	13619,
	13623,
	3974,
	13629,
	2644,
	7568,
	13636,
	3791,
	7640,
	8135,
	13640,
	11908,
	13647,
	9805,
	9186,
	3801,
	281,
	13656,
	13659,
	13670,
	7695,
	13683,
	10107,
	13691,
	13698,
	3194,
	12444,
	13705,
	7541,
	13714,
	9819,
	12493,
	13721,
	13727,
	13732,
	13740,
	13746,
	628,
	13752,
	13758,
	13764,
	10480,
	13770,
	13775,
	4129,
	13778,
	308,
	13783,
	13786,
	13789,
	13792,
	13795,
	13798,
	13804,
	13809,
	12378,
	13814,
	13819,
	13819,
	13823,
	13823,
	13828,
	13836,
	13828,
	13828,
	289,
	13841,
	13847,
	7839,
	9766,
	13853,
	13859,
	13867,
	13877,
	13887,
	13893,
	13899,
	13907,
	13907,
	13915,
	13915,
	13923,
	13923,
	13931,
	148,
	13938,
	4956,
	13943,
	2110,
	11833,
	5425,
	13947,
	13951,
	13959,
	12676,
	2686,
	10404,
	13963,
	8947,
	13971,
	13977,
	13981,
	13985,
	13989,
	3115,
	9004,
	8498,
	3001,
	18,
	13997,
	11814,
	14001,
	1951,
	463,
	2756,
	14005,
	14011,
	722,
	11818,
	2759,
	10579,
	11065,
	14015,
	14019,
	14024,
	14027,
	14032,
	14037,
	14047,
	14055,
	14060,
	5415,
	14066,
	14072,
	14076,
	14084,
	14092,
	14097,
	14102,
	14110,
	14118,
	4540,
	14121,
	5420,
	8967,
	1352,
	14032,
	14125,
	14060,
	14137,
	471,
	14143,
	14147,
	4200,
	14153,
	14158,
	14164,
	14169,
	14174,
	14185,
	14196,
	14207,
	4083,
	14216,
	14221,
	14226,
	14231,
	14236,
	14240,
	14248,
	500,
	14253,
	14248,
	14257,
	14274,
	14281,
	14286,
	14298,
	14305,
	14309,
	14314,
	14321,
	14328,
	14349,
	14349,
	8673,
	6522,
	9922,
	6513,
	4250,
	1744,
	3301,
	3301,
	3304,
	3304,
	14362,
	14365,
	14373,
	14389,
	1441,
	14394,
	14405,
	14414,
	14423,
	14432,
	14437,
	14446,
	14453,
	14460,
	14467,
	14474,
	5302,
	14482,
	14490,
	14498,
	14507,
	14510,
	14515,
	14529,
	14544,
	14563,
	477,
	14568,
	14576,
	14580,
	14584,
	281,
	14590,
	14597,
	14604,
	14611,
	14619,
	14625,
	14632,
	4540,
	14636,
	14640,
	14664,
	14673,
	14679,
	14684,
	38618,
	38670,
	12,
};
########################################################
TYPE: MAP
LANG: FIXED
BIT_MODE: 16
DATA:
const CUSTOM_STRING_MAP_16 StrMap_Fixed[] = {
	1,
	3,
	5,
	7,
	9,
	11,
	13,
	15,
	17,
	19,
	21,
	24,
	29,
	59,
	71,
	104,
	111,
	126,
	147,
	147,
	147,
	147,
	147,
	147,
	147,
	147,
	147,
	147,
	147,
	147,
	147,
	147,
	147,
	147,
	147,
	147,
	147,
	147,
	147,
	147,
	147,
	147,
	147,
	149,
	153,
	157,
	161,
	175,
	206,
	229,
	233,
	258,
	263,
	268,
	274,
	291,
	298,
	314,
	324,
	333,
	344,
	353,
	366,
	380,
	394,
	404,
	413,
	424,
	431,
	438,
	445,
	454,
	460,
	480,
	491,
	510,
	516,
	528,
	532,
	543,
	553,
	558,
	576,
	592,
	605,
	623,
	641,
	659,
	675,
	692,
	704,
	711,
	721,
	733,
	742,
	752,
	763,
	774,
	786,
	797,
	797,
	812,
	826,
	842,
	857,
	871,
	880,
	892,
	905,
	913,
	958,
	967,
	979,
	988,
	1000,
	1010,
	147,
	147,
	1025,
	1030,
	1036,
	1042,
	1051,
	1060,
	1073,
	1081,
	1094,
	1107,
	1118,
	1129,
	1134,
	1143,
	1151,
	1165,
	1175,
	1179,
	1184,
	1201,
	1211,
	1184,
	1216,
	1184,
	1221,
	1225,
	1233,
	1242,
	1249,
	1254,
	1260,
	1267,
	1276,
	1287,
	1295,
	1303,
	1309,
	1318,
	1327,
	1332,
	1339,
	1346,
	1358,
	1370,
	1376,
	1387,
	1396,
	1410,
	1418,
	1426,
	1435,
	1445,
	1452,
	1466,
	1472,
	1481,
	1490,
	1498,
	1505,
	1513,
	1518,
	1528,
	7,
	1531,
	1535,
	1540,
	1545,
	1552,
	1561,
	1570,
	1578,
	1585,
	1593,
	1603,
	1611,
	1622,
	1631,
	1639,
	1646,
	1656,
	1660,
	1671,
	1679,
	1688,
	1694,
	1702,
	1710,
	1714,
	1723,
	1733,
	1738,
	1747,
	1760,
	1765,
	1774,
	1784,
	1793,
	1801,
	1808,
	1816,
	1820,
	1824,
	1836,
	1848,
	1855,
	1864,
	1873,
	1878,
	1889,
	1898,
	1906,
	1920,
	1926,
	1939,
	1950,
	1959,
	1963,
	1970,
	1978,
	1981,
	1990,
	1998,
	2009,
	2020,
	2031,
	2037,
	2046,
	2055,
	2064,
	2068,
	2076,
	2084,
	2092,
	2097,
	2101,
	2106,
	2118,
	2127,
	2139,
	2144,
	2147,
	2156,
	2166,
	2174,
	2182,
	2186,
	2195,
	2207,
	2216,
	2225,
	2236,
	2244,
	2247,
	2258,
	2268,
	2277,
	2282,
	2292,
	2303,
	2307,
	2314,
	2318,
	2323,
	2332,
	2341,
	2346,
	2353,
	2359,
	2369,
	2378,
	2386,
	2396,
	2405,
	2411,
	2418,
	2427,
	2439,
	2445,
	2457,
	2467,
	2475,
	2480,
	2489,
	2496,
	2505,
	2517,
	2522,
	2526,
	2535,
	2542,
	2552,
	2561,
	2568,
	2580,
	2586,
	2592,
	2603,
	2615,
	2622,
	2628,
	2635,
	2646,
	2658,
	2666,
	2675,
	2684,
	2695,
	2707,
	2714,
	2721,
	2729,
	2738,
	2743,
	2756,
	2763,
	2774,
	2780,
	2787,
	2799,
	2807,
	2812,
	2823,
	2832,
	2839,
	2846,
	2855,
	2863,
	2874,
	2884,
	2888,
	2897,
	2908,
	2920,
	2929,
	2937,
	2943,
	2955,
	2968,
	2976,
	2988,
	2998,
	3005,
	3015,
	3027,
	3038,
	3050,
	3057,
	3068,
	3080,
	3090,
	3100,
	3109,
	3113,
	3127,
	3132,
	3136,
	3146,
	3151,
	3169,
	3180,
	3190,
	3196,
	3208,
	3219,
	3232,
	3242,
	3250,
	3262,
	3270,
	3278,
	3286,
	3294,
	3303,
	3313,
	3324,
	3332,
	3341,
	3352,
	3362,
	3374,
	3384,
	3392,
	3401,
	3406,
	3418,
	3429,
	3439,
	3451,
	3457,
	3466,
	3470,
	3479,
	3491,
	3497,
	3506,
	3515,
	3520,
	3527,
	3537,
	3547,
	3558,
	3573,
	3582,
	3590,
	3599,
	3603,
	3612,
	3616,
	3623,
	3628,
	3633,
	3639,
	3651,
	3656,
	3668,
	3679,
	3689,
	3697,
	3704,
	3709,
	3717,
	3725,
	3734,
	3740,
	3750,
	3754,
	3757,
	3762,
	3769,
	3777,
	3788,
	3793,
	3803,
	3818,
	3827,
	3830,
	3835,
	3841,
	3846,
	3851,
	3858,
	3864,
	3874,
	3879,
	3886,
	3893,
	3901,
	3911,
	3921,
	3931,
	3941,
	3951,
	3961,
	3970,
	3975,
	3982,
	3991,
	4003,
	4010,
	4014,
	4023,
	4029,
	4033,
	4043,
	4050,
	4058,
	4063,
	4074,
	4083,
	4090,
	4099,
	4107,
	4116,
	4131,
	4137,
	4149,
	4157,
	4169,
	4174,
	4179,
	4191,
	4199,
	4211,
	4222,
	4235,
	4244,
	4251,
	4258,
	4268,
	4275,
	4284,
	4290,
	4299,
	4306,
	4311,
	4320,
	4328,
	4335,
	4343,
	4354,
	4364,
	4375,
	4380,
	4389,
	4400,
	4409,
	4416,
	4424,
	4436,
	4443,
	4453,
	4460,
	4469,
	4478,
	4494,
	4503,
	4510,
	4520,
	4531,
	4538,
	4547,
	4557,
	4561,
	4572,
	4582,
	4589,
	4598,
	4607,
	4613,
	4621,
	4625,
	4630,
	4638,
	4642,
	4650,
	4655,
	4663,
	4670,
	4675,
	4679,
	4688,
	4692,
	4701,
	4707,
	4714,
	4722,
	4731,
	4739,
	4748,
	4754,
	4761,
	4772,
	4779,
	4786,
	4793,
	4803,
	4816,
	4823,
	4833,
	4843,
	4850,
	4855,
	147,
	147,
	147,
	147,
	147,
	147,
	147,
	147,
	147,
	147,
	147,
	147,
	147,
	147,
	147,
	147,
	147,
	147,
	147,
	147,
	147,
	147,
	147,
	147,
	147,
	147,
	147,
	147,
	147,
	147,
	147,
	147,
	147,
	147,
	147,
	147,
	147,
	147,
	147,
	4858,
	4864,
	4870,
	4876,
	4889,
	4900,
	4914,
	4922,
	4927,
	4932,
	4940,
	4948,
	4956,
	147,
	147,
	147,
	147,
	147,
	147,
	147,
	147,
	147,
	147,
	147,
	147,
	147,
	147,
	147,
	147,
	147,
	147,
	147,
	147,
	147,
	147,
	147,
	147,
	147,
	147,
	147,
	147,
	147,
	147,
	147,
	147,
	147,
	147,
	147,
	147,
	147,
	147,
	147,
	147,
	147,
	147,
	147,
	147,
	147,
};

########################################################
TYPE: VALUE
NAME: mtk_gTrans_string_count
VALUE: 3013
########################################################
TYPE: VALUE
NAME: mtk_gMaxDeployedLangs
VALUE: 2
########################################################
TYPE: VALUE
NAME: max_total_len
VALUE: 75588
